15
[0,0]  [14,14]
[[1, 1, 1, 2, 1, 1, 1, 1, 1, 1, 2, 3, 4, 5, 2],
 [1, 2, 2, 2, 1, 1, 1, 1, 1, 1, 3, 4, 1, 2, 3],
 [1, 2, 3, 2, 1, 3, 3, 1, 1, 1, 1, 1, 2, 3, 2],
 [4, 2, 2, 2, 2, 1, 1, 1, 1, 6, 2, 1, 1, 1, 1],
 [1, 2, 1, 1, 1, 1, 1, 1, 6, 1, 1, 2, 1, 1, 1],
 [1, 1, 1, 1, 1, 6, 1, 6, 1, 1, 1, 6, 1, 6, 1],
 [1, 1, 3, 1, 1, 1, 6, 1, 1, 1, 2, 1, 1, 1, 1],
 [1, 3, 1, 1, 6, 1, 1, 1, 2, 1, 1, 1, 1, 2, 1],
 [1, 1, 1, 1, 1, 1, 6, 1, 2, 1, 1, 6, 1, 6, 1],
 [1, 1, 1, 1, 1, 1, 6, 1, 2, 1, 1, 1, 1, 6, 1],
 [1, 1, 1, 2, 3, 1, 6, 1, 2, 1, 1, 2, 3, 4, 5],
 [1, 1, 1, 2, 1, 1, 6, 1, 2, 1, 1, 1, 1, 1, 1],
 [1, 1, 1, 2, 1, 1, 6, 1, 2, 1, 1, 6, 1, 2, 1],
 [1, 1, 2, 3, 1, 1, 6, 1, 2, 1, 1, 1, 1, 1, 2],
 [1, 1, 1, 1, 1, 6, 1, 1, 1, 1, 1, 3, 4, 1, 2]]
